   1.00000000      0.841470957    
   1.00528324      0.838521183    
   1.01056635      0.835586369    
   1.01584959      0.832665265    
   1.02113271      0.829758048    
   1.02641594      0.826865375    
   1.03169906      0.823986292    
   1.03698230      0.821121454    
   1.04226553      0.818270743    
   1.04754865      0.815433145    
   1.05283189      0.812610745    
   1.05811501      0.809801042    
   1.06339824      0.807005107    
   1.06868136      0.804223597    
   1.07396460      0.801455677    
   1.07924783      0.798700154    
   1.08453095      0.795959353    
   1.08981419      0.793231487    
   1.09509730      0.790517628    
   1.10038054      0.787816584    
   1.10566366      0.785128355    
   1.11094689      0.782455027    
   1.11623013      0.779793739    
   1.12151325      0.777145803    
   1.12679648      0.774511218    
   1.13207960      0.771889329    
   1.13736284      0.769280970    
   1.14264596      0.766685426    
   1.14792919      0.764102578    
   1.15321231      0.761532366    
   1.15849555      0.758975685    
   1.16377878      0.756430924    
   1.16906190      0.753899693    
   1.17434514      0.751381159    
   1.17962825      0.748874843    
   1.18491149      0.746380329    
   1.19019461      0.743899405    
   1.19547784      0.741430700    
   1.20076108      0.738973916    
   1.20604420      0.736530244    
   1.21132743      0.734098196    
   1.21661055      0.731678843    
   1.22189379      0.729271054    
   1.22717690      0.726875901    
   1.23246014      0.724493325    
   1.23774338      0.722122073    
   1.24302649      0.719762564    
   1.24830973      0.717415333    
   1.25359297      0.715079665    
   1.25887609      0.712755919    
   1.26415920      0.710443437    
   1.26944244      0.708142996    
   1.27472568      0.705854475    
   1.28000879      0.703577697    
   1.28529203      0.701311707    
   1.29057515      0.699057877    
   1.29585838      0.696814597    
   1.30114150      0.694583178    
   1.30642474      0.692363620    
   1.31170797      0.690154493    
   1.31699109      0.687956870    
   1.32227433      0.685770571    
   1.32755744      0.683594346    
   1.33284068      0.681430221    
   1.33812380      0.679277301    
   1.34340703      0.677134752    
   1.34869027      0.675003052    
   1.35397339      0.672882318    
   1.35925663      0.670772016    
   1.36453974      0.668673038    
   1.36982298      0.666584015    
   1.37510610      0.664506197    
   1.38038933      0.662438750    
   1.38567257      0.660381436    
   1.39095569      0.658334792    
   1.39623892      0.656298697    
   1.40152204      0.654272795    
   1.40680528      0.652257204    
   1.41208839      0.650251865    
   1.41737163      0.648256302    
   1.42265487      0.646271527    
   1.42793798      0.644296587    
   1.43322122      0.642331541    
   1.43850434      0.640376508    
   1.44378757      0.638431311    
   1.44907069      0.636496127    
   1.45435393      0.634570539    
   1.45963717      0.632654786    
   1.46492028      0.630749047    
   1.47020352      0.628852546    
   1.47548664      0.626965821    
   1.48076987      0.625088692    
   1.48605299      0.623220801    
   1.49133623      0.621362686    
   1.49661946      0.619513631    
   1.50190258      0.617674232    
   1.50718582      0.615843713    
   1.51246905      0.614022732    
   1.51775217      0.612211108    
   1.52303529      0.610408306    
   1.52831852      0.608614981    
   1.53360176      0.606830299    
   1.53888488      0.605054736    
   1.54416800      0.603288174    
   1.54945135      0.601530254    
   1.55473447      0.599781513    
   1.56001759      0.598041475    
   1.56530082      0.596309900    
   1.57058406      0.594587207    
   1.57586718      0.592873394    
   1.58115029      0.591168046    
   1.58643365      0.589470744    
   1.59171677      0.587782502    
   1.59699988      0.586102664    
   1.60228312      0.584431052    
   1.60756636      0.582767725    
   1.61284947      0.581112981    
   1.61813259      0.579466403    
   1.62341595      0.577827811    
   1.62869906      0.576197505    
   1.63398218      0.574575424    
   1.63926542      0.572961211    
   1.64454865      0.571355283    
   1.64983177      0.569757283    
   1.65511489      0.568167090    
   1.66039824      0.566584647    
   1.66568136      0.565010309    
   1.67096448      0.563443720    
   1.67624772      0.561884820    
   1.68153095      0.560333431    
   1.68681407      0.558789968    
   1.69209719      0.557254255    
   1.69738054      0.555725873    
   1.70266366      0.554205179    
   1.70794678      0.552691817    
   1.71323001      0.551185787    
   1.71851325      0.549687088    
   1.72379637      0.548196077    
   1.72907948      0.546712101    
   1.73436284      0.545235634    
   1.73964596      0.543766320    
   1.74492908      0.542303920    
   1.75021231      0.540848851    
   1.75549555      0.539400518    
   1.76077867      0.537959754    
   1.76606178      0.536525786    
   1.77134514      0.535098612    
   1.77662826      0.533678591    
   1.78191137      0.532265484    
   1.78719461      0.530858934    
   1.79247785      0.529459596    
   1.79776096      0.528066695    
   1.80304408      0.526680708    
   1.80832744      0.525300980    
   1.81361055      0.523928463    
   1.81889367      0.522562325    
   1.82417691      0.521202624    
   1.82946014      0.519849360    
   1.83474326      0.518502653    
   1.84002638      0.517162442    
   1.84530962      0.515828550    
   1.85059285      0.514501035    
   1.85587597      0.513179958    
   1.86115921      0.511864901    
   1.86644244      0.510556519    
   1.87172556      0.509253979    
   1.87700868      0.507957757    
   1.88229191      0.506667674    
   1.88757515      0.505383492    
   1.89285827      0.504105449    
   1.89814150      0.502833605    
   1.90342474      0.501567602    
   1.90870786      0.500307679    
   1.91399097      0.499053419    
   1.91927421      0.497805029    
   1.92455745      0.496562600    
   1.92984056      0.495326132    
   1.93512380      0.494094938    
   1.94040704      0.492869735    
   1.94569016      0.491650611    
   1.95097327      0.490436673    
   1.95625651      0.489228547    
   1.96153975      0.488026023    
   1.96682286      0.486828834    
   1.97210610      0.485637337    
   1.97738934      0.484451294    
   1.98267245      0.483270764    
   1.98795557      0.482095480    
   1.99323881      0.480925947    
   1.99852204      0.479761422    
   2.00380516      0.478602260    
   2.00908852      0.477448404    
   2.01437163      0.476299912    
   2.01965475      0.475156516    
   2.02493811      0.474018335    
   2.03022099      0.472885489    
   2.03550434      0.471757412    
   2.04078746      0.470634878    
   2.04607058      0.469517201    
   2.05135393      0.468404442    
   2.05663705      0.467296749    
   2.06192017      0.466194093    
   2.06720352      0.465096414    
   2.07248664      0.464003354    
   2.07776976      0.462915510    
   2.08305311      0.461832345    
   2.08833599      0.460754097    
   2.09361935      0.459680647    
   2.09890270      0.458611757    
   2.10418558      0.457547754    
   2.10946894      0.456488431    
   2.11475205      0.455433816    
   2.12003517      0.454383850    
   2.12531853      0.453338414    
   2.13060164      0.452297688    
   2.13588476      0.451261520    
   2.14116812      0.450229734    
   2.14645123      0.449202567    
   2.15173435      0.448179811    
   2.15701771      0.447161496    
   2.16230059      0.446147710    
   2.16758394      0.445138365    
   2.17286730      0.444133222    
   2.17815018      0.443132579    
   2.18343353      0.442136049    
   2.18871665      0.441143960    
   2.19399977      0.440156043    
   2.19928312      0.439172506    
   2.20456624      0.438193083    
   2.20984936      0.437217921    
   2.21513271      0.436246693    
   2.22041583      0.435279876    
   2.22569895      0.434317082    
   2.23098230      0.433358133    
   2.23626518      0.432403713    
   2.24154854      0.431453049    
   2.24683189      0.430506408    
   2.25211477      0.429563820    
   2.25739813      0.428625137    
   2.26268125      0.427690268    
   2.26796436      0.426759601    
   2.27324772      0.425832719    
   2.27853084      0.424909651    
   2.28381395      0.423990518    
   2.28909731      0.423075110    
   2.29438043      0.422163397    
   2.29966354      0.421255678    
   2.30494690      0.420351684    
   2.31022978      0.419451416    
   2.31551313      0.418554753    
   2.32079649      0.417661875    
   2.32607937      0.416772604    
   2.33136272      0.415887147    
   2.33664584      0.415005147    
   2.34192896      0.414126754    
   2.34721231      0.413251966    
   2.35249543      0.412380815    
   2.35777855      0.411513031    
   2.36306190      0.410648912    
   2.36834502      0.409788251    
   2.37362814      0.408931047    
   2.37891150      0.408077329    
   2.38419437      0.407227099    
   2.38947773      0.406380177    
   2.39476109      0.405536622    
   2.40004396      0.404696584    
   2.40532732      0.403859764    
   2.41061044      0.403026462    
   2.41589355      0.402196378    
   2.42117691      0.401369512    
   2.42646003      0.400545955    
   2.43174314      0.399725825    
   2.43702650      0.398908675    
   2.44230962      0.398095012    
   2.44759274      0.397284359    
   2.45287609      0.396476895    
   2.45815897      0.395672828    
   2.46344233      0.394871742    
   2.46872568      0.394073844    
   2.47400856      0.393278986    
   2.47929192      0.392487168    
   2.48457503      0.391698480    
   2.48985815      0.390912950    
   2.49514151      0.390130430    
   2.50042462      0.389350921    
   2.50570774      0.388574451    
   2.51099110      0.387800783    
   2.51627421      0.387030333    
   2.52155733      0.386262715    
   2.52684069      0.385498077    
   2.53212357      0.384736419    
   2.53740692      0.383977622    
   2.54269028      0.383221686    
   2.54797316      0.382468551    
   2.55325651      0.381718576    
   2.55853963      0.380971223    
   2.56382275      0.380226672    
   2.56910610      0.379484981    
   2.57438922      0.378746063    
   2.57967234      0.378009945    
   2.58495569      0.377276599    
   2.59023881      0.376546055    
   2.59552193      0.375818193    
   2.60080528      0.375093073    
   2.60608816      0.374370635    
   2.61137152      0.373650938    
   2.61665487      0.372933894    
   2.62193775      0.372219503    
   2.62722111      0.371507764    
   2.63250422      0.370798707    
   2.63778734      0.370092243    
   2.64307070      0.369388223    
   2.64835382      0.368686974    
   2.65363693      0.367988318    
   2.65892029      0.367292136    
   2.66420341      0.366598606    
   2.66948652      0.365907490    
   2.67476988      0.365219027    
   2.68005276      0.364532977    
   2.68533611      0.363849431    
   2.69061923      0.363168359    
   2.69590235      0.362489849    
   2.70118570      0.361813754    
   2.70646882      0.361140013    
   2.71175194      0.360468894    
   2.71703529      0.359799922    
   2.72231841      0.359133542    
   2.72760153      0.358469605    
   2.73288488      0.357807934    
   2.73816800      0.357148677    
   2.74345112      0.356491745    
   2.74873447      0.355837137    
   2.75401735      0.355184883    
   2.75930071      0.354535013    
   2.76458383      0.353887409    
   2.76986694      0.353242099    
   2.77515030      0.352598995    
   2.78043342      0.351958275    
   2.78571653      0.351319790    
   2.79099989      0.350683540    
   2.79628301      0.350049466    
   2.80156612      0.349417746    
   2.80684948      0.348788172    
   2.81213260      0.348160774    
   2.81741571      0.347535580    
   2.82269907      0.346912503    
   2.82798195      0.346291810    
   2.83326530      0.345673084    
   2.83854842      0.345056504    
   2.84383154      0.344442159    
   2.84911489      0.343829930    
   2.85439801      0.343219727    
   2.85968113      0.342611670    
   2.86496449      0.342005759    
   2.87024760      0.341401905    
   2.87553072      0.340800077    
   2.88081408      0.340200335    
   2.88609719      0.339602739    
   2.89138031      0.339007109    
   2.89666367      0.338413537    
   2.90194654      0.337821841    
   2.90722990      0.337232381    
   2.91251302      0.336644769    
   2.91779613      0.336059213    
   2.92307949      0.335475624    
   2.92836261      0.334894061    
   2.93364573      0.334314466    
   2.93892908      0.333736688    
   2.94421220      0.333160996    
   2.94949532      0.332587153    
   2.95477867      0.332015336    
   2.96006179      0.331445336    
   2.96534491      0.330877244    
   2.97062826      0.330311120    
   2.97591114      0.329746842    
   2.98119450      0.329184443    
   2.98647761      0.328623950    
   2.99176073      0.328065246    
   2.99704409      0.327508509    
   3.00232720      0.326953620    
   3.00761032      0.326400459    
   3.01289368      0.325849056    
   3.01817679      0.325299650    
   3.02345991      0.324751973    
   3.02874327      0.324206084    
   3.03402638      0.323662043    
   3.03930950      0.323119640    
   3.04459262      0.322579235    
   3.04987597      0.322040498    
   3.05515909      0.321503490    
   3.06044221      0.320968270    
   3.06572533      0.320434839    
   3.07100868      0.319902927    
   3.07629180      0.319373012    
   3.08157492      0.318844646    
   3.08685827      0.318318099    
   3.09214139      0.317793131    
   3.09742451      0.317269951    
   3.10270762      0.316748410    
   3.10799098      0.316228569    
   3.11327410      0.315710396    
   3.11855721      0.315193862    
   3.12384057      0.314678997    
   3.12912369      0.314165920    
   3.13440681      0.313654214    
   3.13968992      0.313144267    
   3.14497328      0.312635958    
   3.15025640      0.312129289    
   3.15553951      0.311624229    
   3.16082287      0.311120689    
   3.16610599      0.310618788    
   3.17138910      0.310118586    
   3.17667222      0.309619814    
   3.18195558      0.309122622    
   3.18723869      0.308627039    
   3.19252181      0.308133096    
   3.19780517      0.307640553    
   3.20308828      0.307149678    
   3.20837140      0.306660265    
   3.21365452      0.306172401    
   3.21893787      0.305686086    
   3.22422099      0.305201292    
   3.22950411      0.304718018    
   3.23478746      0.304236203    
   3.24007058      0.303755820    
   3.24535370      0.303277075    
   3.25063682      0.302799731    
   3.25592017      0.302323878    
   3.26120329      0.301849455    
   3.26648641      0.301376671    
   3.27176976      0.300904989    
   3.27705288      0.300435126    
   3.28233600      0.299966604    
   3.28761911      0.299499393    
   3.29290247      0.299033672    
   3.29818559      0.298569441    
   3.30346870      0.298106521    
   3.30875206      0.297645122    
   3.31403518      0.297185004    
   3.31931829      0.296726346    
   3.32460141      0.296269119    
   3.32988477      0.295813352    
   3.33516788      0.295358837    
   3.34045100      0.294905692    
   3.34573436      0.294453949    
   3.35101748      0.294003606    
   3.35630059      0.293554634    
   3.36158371      0.293106854    
   3.36686707      0.292660594    
   3.37215018      0.292215586    
   3.37743330      0.291771919    
   3.38271666      0.291329622    
   3.38799977      0.290888518    
   3.39328289      0.290448904    
   3.39856601      0.290010542    
   3.40384936      0.289573461    
   3.40913248      0.289137721    
   3.41441560      0.288703144    
   3.41969895      0.288269967    
   3.42498207      0.287838042    
   3.43026519      0.287407368    
   3.43554831      0.286978036    
   3.44083166      0.286549985    
   3.44611478      0.286123157    
   3.45139790      0.285697550    
   3.45668125      0.285273135    
   3.46196437      0.284850031    
   3.46724749      0.284428239    
   3.47253060      0.284007519    
   3.47781396      0.283588171    
   3.48309708      0.283169955    
   3.48838019      0.282752961    
   3.49366355      0.282337159    
   3.49894667      0.281922638    
   3.50422978      0.281509221    
   3.50951290      0.281097114    
   3.51479626      0.280686140    
   3.52007937      0.280276328    
   3.52536249      0.279867709    
   3.53064585      0.279460341    
   3.53592896      0.279054046    
   3.54121208      0.278649002    
   3.54649520      0.278245002    
   3.55177855      0.277842164    
   3.55706167      0.277440608    
   3.56234479      0.277040124    
   3.56762815      0.276640654    
   3.57291126      0.276242465    
   3.57819438      0.275845468    
   3.58347750      0.275449455    
   3.58876085      0.275054663    
   3.59404397      0.274660885    
   3.59932709      0.274268299    
   3.60461044      0.273876846    
   3.60989356      0.273486376    
   3.61517668      0.273097187    
   3.62045979      0.272708833    
   3.62574315      0.272321761    
   3.63102627      0.271935731    
   3.63630939      0.271550775    
   3.64159274      0.271166921    
   3.64687586      0.270784080    
   3.65215898      0.270402282    
   3.65744209      0.270021588    
   3.66272545      0.269641966    
   3.66800857      0.269263387    
   3.67329168      0.268885881    
   3.67857504      0.268509328    
   3.68385816      0.268133849    
   3.68914127      0.267759502    
   3.69442439      0.267385989    
   3.69970775      0.267013669    
   3.70499086      0.266642302    
   3.71027398      0.266272008    
   3.71555734      0.265902668    
   3.72084045      0.265534401    
   3.72612357      0.265167087    
   3.73140669      0.264800876    
   3.73669004      0.264435500    
   3.74197316      0.264071196    
   3.74725628      0.263707846    
   3.75253963      0.263345420    
   3.75782275      0.262984186    
   3.76310587      0.262623698    
   3.76838899      0.262264311    
   3.77367234      0.261905938    
   3.77895546      0.261548489    
   3.78423858      0.261191905    
   3.78952193      0.260836333    
   3.79480505      0.260481775    
   3.80008817      0.260128081    
   3.80537128      0.259775370    
   3.81065464      0.259423614    
   3.81593776      0.259072691    
   3.82122087      0.258722872    
   3.82650423      0.258373886    
   3.83178735      0.258025736    
   3.83707047      0.257678717    
   3.84235358      0.257332474    
   3.84763694      0.256987184    
   3.85292006      0.256642818    
   3.85820317      0.256299317    
   3.86348653      0.255956799    
   3.86876965      0.255615115    
   3.87405276      0.255274296    
   3.87933588      0.254934460    
   3.88461924      0.254595429    
   3.88990235      0.254257262    
   3.89518547      0.253920197    
   3.90046883      0.253583789    
   3.90575194      0.253248274    
   3.91103506      0.252913713    
   3.91631818      0.252579957    
   3.92160153      0.252247065    
   3.92688465      0.251915187    
   3.93216777      0.251583993    
   3.93745112      0.251253724    
   3.94273424      0.250924259    
   3.94801736      0.250595748    
   3.95330048      0.250267982    
   3.95858383      0.249941096    
   3.96386695      0.249615014    
   3.96915007      0.249289855    
   3.97443342      0.248965487    
   3.97971654      0.248641834    
   3.98499966      0.248319104    
   3.99028277      0.247997269    
   3.99556613      0.247676119    
   4.00084925      0.247355908    
   4.00613213      0.247036442    
   4.01141548      0.246717855    
   4.01669884      0.246399999    
   4.02198219      0.246082947    
   4.02726507      0.245766684    
   4.03254843      0.245451272    
   4.03783131      0.245136678    
   4.04311466      0.244822830    
   4.04839802      0.244509742    
   4.05368137      0.244197503    
   4.05896425      0.243886054    
   4.06424713      0.243575379    
   4.06953049      0.243265450    
   4.07481384      0.242956281    
   4.08009720      0.242647961    
   4.08538055      0.242340311    
   4.09066343      0.242033526    
   4.09594631      0.241727456    
   4.10122967      0.241422117    
   4.10651302      0.241117552    
   4.11179638      0.240813747    
   4.11707926      0.240510732    
   4.12236261      0.240208477    
   4.12764549      0.239906937    
   4.13292885      0.239606127    
   4.13821220      0.239306092    
   4.14349556      0.239006773    
   4.14877844      0.238708213    
   4.15406132      0.238410369    
   4.15934467      0.238113269    
   4.16462803      0.237816900    
   4.16991138      0.237521231    
   4.17519426      0.237226292    
   4.18047762      0.236932144    
   4.18576050      0.236638710    
   4.19104385      0.236345902    
   4.19632721      0.236053839    
   4.20161057      0.235762402    
   4.20689344      0.235471800    
   4.21217632      0.235181987    
   4.21745968      0.234892771    
   4.22274303      0.234604269    
   4.22802639      0.234316364    
   4.23330975      0.234029293    
   4.23859262      0.233742878    
   4.24387550      0.233457237    
   4.24915886      0.233172148    
   4.25444221      0.232887745    
   4.25972557      0.232604042    
   4.26500845      0.232321173    
   4.27029181      0.232038811    
   4.27557468      0.231757268    
   4.28085804      0.231476262    
   4.28614140      0.231195971    
   4.29142475      0.230916455    
   4.29670763      0.230637476    
   4.30199051      0.230359212    
   4.30727386      0.230081648    
   4.31255722      0.229804710    
   4.31784058      0.229528412    
   4.32312346      0.229252845    
   4.32840681      0.228977874    
   4.33368969      0.228703573    
   4.33897305      0.228429958    
   4.34425640      0.228156894    
   4.34953976      0.227884620    
   4.35482264      0.227612898    
   4.36010551      0.227341861    
   4.36538887      0.227071434    
   4.37067223      0.226801723    
   4.37595558      0.226532489    
   4.38123846      0.226264060    
   4.38652182      0.225996137    
   4.39180470      0.225728929    
   4.39708805      0.225462273    
   4.40237141      0.225196362    
   4.40765476      0.224930957    
   4.41293764      0.224666297    
   4.41822052      0.224402204    
   4.42350388      0.224138603    
   4.42878723      0.223875850    
   4.43407059      0.223613530    
   4.43935394      0.223351866    
   4.44463682      0.223090872    
   4.44991970      0.222830430    
   4.45520306      0.222570613    
   4.46048641      0.222311467    
   4.46576977      0.222052798    
   4.47105265      0.221794844    
   4.47633600      0.221537337    
   4.48161888      0.221280605    
   4.48690224      0.221024424    
   4.49218559      0.220768720    
   4.49746895      0.220513716    
   4.50275183      0.220259249    
   4.50803471      0.220005453    
   4.51331806      0.219752207    
   4.51860142      0.219499499    
   4.52388477      0.219247356    
   4.52916765      0.218995914    
   4.53445101      0.218744904    
   4.53973389      0.218494624    
   4.54501724      0.218244821    
   4.55030060      0.217995524    
   4.55558395      0.217746928    
   4.56086683      0.217498809    
   4.56614971      0.217251346    
   4.57143307      0.217004403    
   4.57671642      0.216757998    
   4.58199978      0.216512218    
   4.58728313      0.216266885    
   4.59256601      0.216022268    
   4.59784889      0.215778142    
   4.60313225      0.215534538    
   4.60841560      0.215291470    
   4.61369896      0.215048999    
   4.61898184      0.214807063    
   4.62426519      0.214565724    
   4.62954807      0.214324847    
   4.63483143      0.214084551    
   4.64011478      0.213844791    
   4.64539814      0.213605538    
   4.65068102      0.213366866    
   4.65596390      0.213128775    
   4.66124725      0.212891161    
   4.66653061      0.212654084    
   4.67181396      0.212417498    
   4.67709684      0.212181434    
   4.68238020      0.211946025    
   4.68766308      0.211711049    
   4.69294643      0.211476624    
   4.69822979      0.211242661    
   4.70351315      0.211009249    
   4.70879602      0.210776359    
   4.71407890      0.210544065    
   4.71936226      0.210312143    
   4.72464561      0.210080802    
   4.72992897      0.209849924    
   4.73521233      0.209619671    
   4.74049520      0.209389821    
   4.74577808      0.209160522    
   4.75106144      0.208931699    
   4.75634480      0.208703399    
   4.76162815      0.208475590    
   4.76691103      0.208248228    
   4.77219439      0.208021447    
   4.77747726      0.207795173    
   4.78276062      0.207569286    
   4.78804398      0.207343951    
   4.79332733      0.207119122    
   4.79861021      0.206894740    
   4.80389309      0.206670851    
   4.80917645      0.206447482    
   4.81445980      0.206224501    
   4.81974316      0.206002057    
   4.82502604      0.205780104    
   4.83030939      0.205558568    
   4.83559227      0.205337614    
   4.84087563      0.205117032    
   4.84615898      0.204897001    
   4.85144234      0.204677284    
   4.85672522      0.204458162    
   4.86200809      0.204239398    
   4.86729145      0.204021245    
   4.87257481      0.203803509    
   4.87785816      0.203586146    
   4.88314152      0.203369394    
   4.88842440      0.203152984    
   4.89370728      0.202937096    
   4.89899063      0.202721596    
   4.90427399      0.202506557    
   4.90955734      0.202291891    
   4.91484022      0.202077776    
   4.92012358      0.201864094    
   4.92540646      0.201650843    
   4.93068981      0.201437995    
   4.93597317      0.201225638    
   4.94125652      0.201013759    
   4.94653940      0.200802192    
   4.95182228      0.200591072    
   4.95710564      0.200380459    
   4.96238899      0.200170189    
   4.96767235      0.199960411    
   4.97295523      0.199751049    
   4.97823858      0.199542060    
   4.98352146      0.199333563    
   4.98880482      0.199125499    
   4.99408817      0.198917747    
   4.99937153      0.198710486    
   5.00465441      0.198503613    
   5.00993776      0.198297203    
   5.01522064      0.198091030    
   5.02050400      0.197885379    
   5.02578735      0.197680295    
   5.03107023      0.197475448    
   5.03635359      0.197270975    
   5.04163694      0.197066993    
   5.04691982      0.196863443    
   5.05220318      0.196660221    
   5.05748653      0.196457356    
   5.06276941      0.196254939    
   5.06805277      0.196052819    
   5.07333565      0.195851251    
   5.07861900      0.195649952    
   5.08390236      0.195449069    
   5.08918524      0.195248634    
   5.09446859      0.195048451    
   5.09975195      0.194848761    
   5.10503483      0.194649369    
   5.11031818      0.194450453    
   5.11560154      0.194251746    
   5.12088442      0.194053635    
   5.12616777      0.193855762    
   5.13145065      0.193658322    
   5.13673401      0.193461239    
   5.14201736      0.193264440    
   5.14730024      0.193068206    
   5.15258360      0.192872077    
   5.15786695      0.192676365    
   5.16314983      0.192481205    
   5.16843319      0.192286238    
   5.17371655      0.192091659    
   5.17899942      0.191897467    
   5.18428278      0.191703692    
   5.18956614      0.191510215    
   5.19484901      0.191317052    
   5.20013237      0.191124260    
   5.20541525      0.190931857    
   5.21069860      0.190739781    
   5.21598196      0.190548003    
   5.22126484      0.190356657    
   5.22654819      0.190165639    
   5.23183155      0.189974949    
   5.23711443      0.189784616    
   5.24239779      0.189594567    
   5.24768114      0.189404920    
   5.25296402      0.189215660    
   5.25824738      0.189026669    
   5.26353073      0.188838065    
   5.26881361      0.188649729    
   5.27409697      0.188461766    
   5.27937984      0.188274190    
   5.28466320      0.188086838    
   5.28994656      0.187899888    
   5.29522943      0.187713429    
   5.30051279      0.187527031    
   5.30579615      0.187341094    
   5.31107903      0.187155545    
   5.31636238      0.186970323    
   5.32164574      0.186785176    
   5.32692862      0.186600566    
   5.33221197      0.186416373    
   5.33749533      0.186232314    
   5.34277821      0.186048880    
   5.34806156      0.185865626    
   5.35334444      0.185682535    
   5.35862780      0.185499966    
   5.36391115      0.185317531    
   5.36919403      0.185135737    
   5.37447739      0.184953883    
   5.37976074      0.184772745    
   5.38504362      0.184591740    
   5.39032698      0.184411153    
   5.39561033      0.184230685    
   5.40089321      0.184050813    
   5.40617657      0.183871269    
   5.41145992      0.183691755    
   5.41674280      0.183512822    
   5.42202616      0.183334008    
   5.42730904      0.183156058    
   5.43259239      0.182978004    
   5.43787575      0.182800189    
   5.44315863      0.182623222    
   5.44844198      0.182446301    
   5.45372534      0.182269827    
   5.45900822      0.182093635    
   5.46429157      0.181917399    
   5.46957493      0.181742027    
   5.47485781      0.181566834    
   5.48014116      0.181391835    
   5.48542452      0.181217670    
   5.49070740      0.181043595    
   5.49599075      0.180869848    
   5.50127363      0.180696219    
   5.50655699      0.180523336    
   5.51184034      0.180350751    
   5.51712322      0.180178478    
   5.52240658      0.180006236    
   5.52768993      0.179835290    
   5.53297281      0.179664105    
   5.53825617      0.179493576    
   5.54353952      0.179323018    
   5.54882240      0.179153383    
   5.55410576      0.178983286    
   5.55938911      0.178814217    
   5.56467199      0.178645819    
   5.56995535      0.178477049    
   5.57523823      0.178309500    
   5.58052158      0.178141862    
   5.58580494      0.177974343    
   5.59108782      0.177808240    
   5.59637117      0.177641630    
   5.60165453      0.177475885    
   5.60693741      0.177310914    
   5.61222076      0.177145958    
   5.61750412      0.176981479    
   5.62278700      0.176817626    
   5.62807035      0.176653892    
   5.63335371      0.176490635    
   5.63863659      0.176328510    
   5.64391994      0.176166445    
   5.64920282      0.176004618    
   5.65448618      0.175843894    
   5.65976954      0.175683543    
   5.66505241      0.175523683    
   5.67033577      0.175364032    
   5.67561913      0.175204962    
   5.68090200      0.175046802    
   5.68618536      0.174888968    
   5.69146872      0.174732059    
   5.69675159      0.174575195    
   5.70203495      0.174419224    
   5.70731831      0.174263552    
   5.71260118      0.174108773    
   5.71788454      0.173954323    
   5.72316742      0.173800915    
   5.72845078      0.173647732    
   5.73373413      0.173495457    
   5.73901701      0.173343822    
   5.74430037      0.173192799    
   5.74958372      0.173042431    
   5.75486660      0.172892824    
   5.76014996      0.172743887    
   5.76543331      0.172595710    
   5.77071619      0.172448233    
   5.77599955      0.172301427    
   5.78128290      0.172155499    
   5.78656578      0.172010556    
   5.79184914      0.171866059    
   5.79713202      0.171722323    
   5.80241537      0.171579793    
   5.80769873      0.171437696    
   5.81298161      0.171297371    
   5.81826496      0.171156541    
   5.82354832      0.171017274    
   5.82883120      0.170879424    
   5.83411455      0.170741588    
   5.83939791      0.170605093    
   5.84468079      0.170469493    
   5.84996414      0.170335054    
   5.85524750      0.170201182    
   5.86053038      0.170068711    
   5.86581373      0.169937193    
   5.87109661      0.169806749    
   5.87637997      0.169678152    
   5.88166332      0.169549197    
   5.88694620      0.169421911    
   5.89222956      0.169295609    
   5.89751291      0.169172198    
   5.90279579      0.169047713    
   5.90807915      0.168926746    
   5.91336250      0.168804616    
   5.91864538      0.168684870    
   5.92392874      0.168566704    
   5.92921209      0.168447942    
   5.93449497      0.168331414    
   5.93977833      0.168220401    
   5.94506121      0.168106049    
   5.95034456      0.167995125    
   5.95562792      0.167884469    
   5.96091080      0.167777747    
   5.96619415      0.167667568    
   5.97147751      0.167557806    
   5.97676039      0.167456508    
   5.98204374      0.167351425    
   5.98732710      0.167251170    
   5.99260998      0.167150795    
   5.99789333      0.167054713    
   6.00317669      0.166962087    
   6.00845957      0.166868508    
   6.01374292      0.166775346    
   6.01902580      0.166681528    
   6.02430916      0.166595519    
   6.02959251      0.166506588    
   6.03487539      0.166427076    
   6.04015875      0.166339517    
   6.04544210      0.166262209    
   6.05072498      0.166179717    
   6.05600834      0.166106582    
   6.06129169      0.166028559    
   6.06657457      0.165959716    
   6.07185793      0.165893435    
   6.07714128      0.165822208    
   6.08242416      0.165754795    
   6.08770752      0.165702343    
   6.09299040      0.165634573    
   6.09827375      0.165573597    
   6.10355711      0.165527463    
   6.10883999      0.165455282    
   6.11412334      0.165416121    
   6.11940670      0.165370166    
   6.12468958      0.165325522    
   6.12997293      0.165288210    
   6.13525629      0.165237904    
   6.14053917      0.165197134    
   6.14582253      0.165177226    
   6.15110588      0.165148020    
   6.15638876      0.165106058    
   6.16167212      0.165080786    
   6.16695499      0.165055752    
   6.17223835      0.165044188    
   6.17752171      0.165041566    
   6.18280458      0.165009737    
   6.18808794      0.165020227    
   6.19337130      0.165008545    
   6.19865417      0.165006280    
   6.20393753      0.165014267    
   6.20922089      0.165014386    
   6.21450377      0.165013433    
   6.21978712      0.165037036    
   6.22507048      0.165051818    
   6.23035336      0.165062428    
   6.23563671      0.165105104    
   6.24091959      0.165132642    
   6.24620295      0.165154338    
   6.25148630      0.165203691    
   6.25676918      0.165249705    
   6.26205254      0.165281057    
   6.26733589      0.165342689    
   6.27261877      0.165411949    
   6.27790213      0.165472627    
