   1.00000000      0.841470957    
   1.00528324      0.838619828    
   1.01056635      0.835775793    
   1.01584959      0.832938969    
   1.02113271      0.830109835    
   1.02641594      0.827288568    
   1.03169906      0.824475586    
   1.03698230      0.821671009    
   1.04226553      0.818875074    
   1.04754865      0.816088140    
   1.05283189      0.813310385    
   1.05811501      0.810541987    
   1.06339824      0.807783008    
   1.06868136      0.805033922    
   1.07396460      0.802294612    
   1.07924783      0.799565434    
   1.08453095      0.796846449    
   1.08981419      0.794137836    
   1.09509730      0.791439772    
   1.10038054      0.788752258    
   1.10566366      0.786075532    
   1.11094689      0.783409595    
   1.11623013      0.780754626    
   1.12151325      0.778110743    
   1.12679648      0.775477946    
   1.13207960      0.772856355    
   1.13736284      0.770246089    
   1.14264596      0.767647147    
   1.14792919      0.765059590    
   1.15321231      0.762483597    
   1.15849555      0.759918988    
   1.16377878      0.757366002    
   1.16906190      0.754824579    
   1.17434514      0.752294838    
   1.17962825      0.749776781    
   1.18491149      0.747270405    
   1.19019461      0.744775772    
   1.19547784      0.742292821    
   1.20076108      0.739821613    
   1.20604420      0.737362206    
   1.21132743      0.734914482    
   1.21661055      0.732478678    
   1.22189379      0.730054557    
   1.22717690      0.727642238    
   1.23246014      0.725241601    
   1.23774338      0.722852767    
   1.24302649      0.720475733    
   1.24830973      0.718110323    
   1.25359297      0.715756714    
   1.25887609      0.713414848    
   1.26415920      0.711084604    
   1.26944244      0.708766043    
   1.27472568      0.706459045    
   1.28000879      0.704163730    
   1.28529203      0.701879919    
   1.29057515      0.699607730    
   1.29585838      0.697346985    
   1.30114150      0.695097804    
   1.30642474      0.692860007    
   1.31170797      0.690633595    
   1.31699109      0.688418627    
   1.32227433      0.686214983    
   1.32755744      0.684022665    
   1.33284068      0.681841552    
   1.33812380      0.679671705    
   1.34340703      0.677513003    
   1.34869027      0.675365448    
   1.35397339      0.673228920    
   1.35925663      0.671103477    
   1.36453974      0.668989062    
   1.36982298      0.666885555    
   1.37510610      0.664792955    
   1.38038933      0.662711143    
   1.38567257      0.660640180    
   1.39095569      0.658580005    
   1.39623892      0.656530499    
   1.40152204      0.654491603    
   1.40680528      0.652463317    
   1.41208839      0.650445580    
   1.41737163      0.648438334    
   1.42265487      0.646441579    
   1.42793798      0.644455135    
   1.43322122      0.642479062    
   1.43850434      0.640513301    
   1.44378757      0.638557732    
   1.44907069      0.636612356    
   1.45435393      0.634677052    
   1.45963717      0.632751822    
   1.46492028      0.630836666    
   1.47020352      0.628931344    
   1.47548664      0.627036035    
   1.48076987      0.625150502    
   1.48605299      0.623274863    
   1.49133623      0.621408880    
   1.49661946      0.619552553    
   1.50190258      0.617705882    
   1.50718582      0.615868747    
   1.51246905      0.614041150    
   1.51775217      0.612223029    
   1.52303529      0.610414326    
   1.52831852      0.608614981    
   1.53360176      0.606824815    
   1.53888488      0.605044007    
   1.54416800      0.603272378    
   1.54945135      0.601509809    
   1.55473447      0.599756420    
   1.56001759      0.598011971    
   1.56530082      0.596276522    
   1.57058406      0.594549954    
   1.57586718      0.592832267    
   1.58115029      0.591123402    
   1.58643365      0.589423239    
   1.59171677      0.587731779    
   1.59699988      0.586049020    
   1.60228312      0.584374845    
   1.60756636      0.582709134    
   1.61284947      0.581052005    
   1.61813259      0.579403281    
   1.62341595      0.577762842    
   1.62869906      0.576130807    
   1.63398218      0.574507058    
   1.63926542      0.572891533    
   1.64454865      0.571284115    
   1.64983177      0.569684863    
   1.65511489      0.568093717    
   1.66039824      0.566510558    
   1.66568136      0.564935386    
   1.67096448      0.563368082    
   1.67624772      0.561808705    
   1.68153095      0.560257137    
   1.68681407      0.558713317    
   1.69209719      0.557177246    
   1.69738054      0.555648804    
   1.70266366      0.554127991    
   1.70794678      0.552614808    
   1.71323001      0.551109076    
   1.71851325      0.549610853    
   1.72379637      0.548120022    
   1.72907948      0.546636701    
   1.73436284      0.545160592    
   1.73964596      0.543691754    
   1.74492908      0.542230248    
   1.75021231      0.540775955    
   1.75549555      0.539328694    
   1.76077867      0.537888646    
   1.76606178      0.536455631    
   1.77134514      0.535029531    
   1.77662826      0.533610523    
   1.78191137      0.532198429    
   1.78719461      0.530793130    
   1.79247785      0.529394746    
   1.79776096      0.528003097    
   1.80304408      0.526618242    
   1.80832744      0.525240064    
   1.81361055      0.523868561    
   1.81889367      0.522503674    
   1.82417691      0.521145403    
   1.82946014      0.519793630    
   1.83474326      0.518448353    
   1.84002638      0.517109513    
   1.84530962      0.515777111    
   1.85059285      0.514451027    
   1.85587597      0.513131320    
   1.86115921      0.511817932    
   1.86644244      0.510510743    
   1.87172556      0.509209752    
   1.87700868      0.507914960    
   1.88229191      0.506626308    
   1.88757515      0.505343676    
   1.89285827      0.504067242    
   1.89814150      0.502796650    
   1.90342474      0.501532137    
   1.90870786      0.500273526    
   1.91399097      0.499020845    
   1.91927421      0.497774005    
   1.92455745      0.496532947    
   1.92984056      0.495297730    
   1.93512380      0.494068235    
   1.94040704      0.492844433    
   1.94569016      0.491626382    
   1.95097327      0.490413934    
   1.95625651      0.489207089    
   1.96153975      0.488005817    
   1.96682286      0.486810088    
   1.97210610      0.485619843    
   1.97738934      0.484435052    
   1.98267245      0.483255744    
   1.98795557      0.482081831    
   1.99323881      0.480913281    
   1.99852204      0.479750037    
   2.00380516      0.478592068    
   2.00908852      0.477439344    
   2.01437163      0.476291925    
   2.01965475      0.475149691    
   2.02493811      0.474012554    
   2.03022099      0.472880661    
   2.03550434      0.471753776    
   2.04078746      0.470631987    
   2.04607058      0.469515264    
   2.05135393      0.468403488    
   2.05663705      0.467296749    
   2.06192017      0.466194928    
   2.06720352      0.465097994    
   2.07248664      0.464005977    
   2.07776976      0.462918818    
   2.08305311      0.461836457    
   2.08833599      0.460758954    
   2.09361935      0.459686130    
   2.09890270      0.458618045    
   2.10418558      0.457554758    
   2.10946894      0.456496060    
   2.11475205      0.455442041    
   2.12003517      0.454392642    
   2.12531853      0.453347772    
   2.13060164      0.452307552    
   2.13588476      0.451271832    
   2.14116812      0.450240612    
   2.14645123      0.449213892    
   2.15173435      0.448191613    
   2.15701771      0.447173744    
   2.16230059      0.446160346    
   2.16758394      0.445151240    
   2.17286730      0.444146454    
   2.17815018      0.443146110    
   2.18343353      0.442149967    
   2.18871665      0.441158116    
   2.19399977      0.440170497    
   2.19928312      0.439187080    
   2.20456624      0.438207895    
   2.20984936      0.437232852    
   2.21513271      0.436261922    
   2.22041583      0.435295135    
   2.22569895      0.434332490    
   2.23098230      0.433373809    
   2.23626518      0.432419270    
   2.24154854      0.431468695    
   2.24683189      0.430522084    
   2.25211477      0.429579526    
   2.25739813      0.428640872    
   2.26268125      0.427706122    
   2.26796436      0.426775306    
   2.27324772      0.425848335    
   2.27853084      0.424925238    
   2.28381395      0.424005985    
   2.28909731      0.423090518    
   2.29438043      0.422178835    
   2.29966354      0.421270937    
   2.30494690      0.420366764    
   2.31022978      0.419466347    
   2.31551313      0.418569595    
   2.32079649      0.417676508    
   2.32607937      0.416787118    
   2.33136272      0.415901303    
   2.33664584      0.415019184    
   2.34192896      0.414140612    
   2.34721231      0.413265586    
   2.35249543      0.412394166    
   2.35777855      0.411526263    
   2.36306190      0.410661817    
   2.36834502      0.409800917    
   2.37362814      0.408943444    
   2.37891150      0.408089429    
   2.38419437      0.407238901    
   2.38947773      0.406391740    
   2.39476109      0.405547947    
   2.40004396      0.404707581    
   2.40532732      0.403870493    
   2.41061044      0.403036803    
   2.41589355      0.402206421    
   2.42117691      0.401379287    
   2.42646003      0.400555462    
   2.43174314      0.399734914    
   2.43702650      0.398917556    
   2.44230962      0.398103476    
   2.44759274      0.397292584    
   2.45287609      0.396484822    
   2.45815897      0.395680338    
   2.46344233      0.394878894    
   2.46872568      0.394080609    
   2.47400856      0.393285483    
   2.47929192      0.392493397    
   2.48457503      0.391704410    
   2.48985815      0.390918523    
   2.49514151      0.390135616    
   2.50042462      0.389355779    
   2.50570774      0.388578951    
   2.51099110      0.387805074    
   2.51627421      0.387034208    
   2.52155733      0.386266321    
   2.52684069      0.385501355    
   2.53212357      0.384739369    
   2.53740692      0.383980244    
   2.54269028      0.383223981    
   2.54797316      0.382470667    
   2.55325651      0.381720185    
   2.55853963      0.380972564    
   2.56382275      0.380227804    
   2.56910610      0.379485786    
   2.57438922      0.378746629    
   2.57967234      0.378010243    
   2.58495569      0.377276599    
   2.59023881      0.376545787    
   2.59552193      0.375817657    
   2.60080528      0.375092268    
   2.60608816      0.374369621    
   2.61137152      0.373649627    
   2.61665487      0.372932315    
   2.62193775      0.372217745    
   2.62722111      0.371505737    
   2.63250422      0.370796442    
   2.63778734      0.370089740    
   2.64307070      0.369385630    
   2.64835382      0.368684143    
   2.65363693      0.367985249    
   2.65892029      0.367288888    
   2.66420341      0.366595119    
   2.66948652      0.365903884    
   2.67476988      0.365215182    
   2.68005276      0.364529043    
   2.68533611      0.363845319    
   2.69061923      0.363164157    
   2.69590235      0.362485439    
   2.70118570      0.361809134    
   2.70646882      0.361135364    
   2.71175194      0.360464007    
   2.71703529      0.359795034    
   2.72231841      0.359128505    
   2.72760153      0.358464420    
   2.73288488      0.357802629    
   2.73816800      0.357143283    
   2.74345112      0.356486291    
   2.74873447      0.355831623    
   2.75401735      0.355179340    
   2.75930071      0.354529351    
   2.76458383      0.353881657    
   2.76986694      0.353236318    
   2.77515030      0.352593184    
   2.78043342      0.351952404    
   2.78571653      0.351313889    
   2.79099989      0.350677580    
   2.79628301      0.350043535    
   2.80156612      0.349411756    
   2.80684948      0.348782152    
   2.81213260      0.348154753    
   2.81741571      0.347529590    
   2.82269907      0.346906573    
   2.82798195      0.346285820    
   2.83326530      0.345667124    
   2.83854842      0.345050633    
   2.84383154      0.344436288    
   2.84911489      0.343824029    
   2.85439801      0.343213975    
   2.85968113      0.342605948    
   2.86496449      0.342000067    
   2.87024760      0.341396242    
   2.87553072      0.340794533    
   2.88081408      0.340194851    
   2.88609719      0.339597255    
   2.89138031      0.339001715    
   2.89666367      0.338408202    
   2.90194654      0.337816745    
   2.90722990      0.337227225    
   2.91251302      0.336639792    
   2.91779613      0.336054295    
   2.92307949      0.335470825    
   2.92836261      0.334889323    
   2.93364573      0.334309787    
   2.93892908      0.333732188    
   2.94421220      0.333156586    
   2.94949532      0.332582891    
   2.95477867      0.332011104    
   2.96006179      0.331441283    
   2.96534491      0.330873340    
   2.97062826      0.330307305    
   2.97591114      0.329743177    
   2.98119450      0.329180926    
   2.98647761      0.328620523    
   2.99176073      0.328061998    
   2.99704409      0.327505350    
   3.00232720      0.326950520    
   3.00761032      0.326397538    
   3.01289368      0.325846374    
   3.01817679      0.325297058    
   3.02345991      0.324749529    
   3.02874327      0.324203789    
   3.03402638      0.323659897    
   3.03930950      0.323117733    
   3.04459262      0.322577357    
   3.04987597      0.322038740    
   3.05515909      0.321501940    
   3.06044221      0.320966840    
   3.06572533      0.320433497    
   3.07100868      0.319901854    
   3.07629180      0.319371969    
   3.08157492      0.318843812    
   3.08685827      0.318317354    
   3.09214139      0.317792594    
   3.09742451      0.317269504    
   3.10270762      0.316748172    
   3.10799098      0.316228449    
   3.11327410      0.315710396    
   3.11855721      0.315194041    
   3.12384057      0.314679295    
   3.12912369      0.314166218    
   3.13440681      0.313654810    
   3.13968992      0.313145012    
   3.14497328      0.312636793    
   3.15025640      0.312130243    
   3.15553951      0.311625302    
   3.16082287      0.311121911    
   3.16610599      0.310620159    
   3.17138910      0.310119987    
   3.17667222      0.309621394    
   3.18195558      0.309124351    
   3.18723869      0.308628887    
   3.19252181      0.308134973    
   3.19780517      0.307642609    
   3.20308828      0.307151794    
   3.20837140      0.306662500    
   3.21365452      0.306174755    
   3.21893787      0.305688500    
   3.22422099      0.305203795    
   3.22950411      0.304720581    
   3.23478746      0.304238856    
   3.24007058      0.303758681    
   3.24535370      0.303279936    
   3.25063682      0.302802682    
   3.25592017      0.302326888    
   3.26120329      0.301852584    
   3.26648641      0.301379740    
   3.27176976      0.300908327    
   3.27705288      0.300438374    
   3.28233600      0.299969852    
   3.28761911      0.299502820    
   3.29290247      0.299037129    
   3.29818559      0.298572898    
   3.30346870      0.298110098    
   3.30875206      0.297648668    
   3.31403518      0.297188669    
   3.31931829      0.296730071    
   3.32460141      0.296272844    
   3.32988477      0.295817018    
   3.33516788      0.295362532    
   3.34045100      0.294909477    
   3.34573436      0.294457734    
   3.35101748      0.294007361    
   3.35630059      0.293558359    
   3.36158371      0.293110698    
   3.36686707      0.292664379    
   3.37215018      0.292219371    
   3.37743330      0.291775733    
   3.38271666      0.291333377    
   3.38799977      0.290892363    
   3.39328289      0.290452659    
   3.39856601      0.290014267    
   3.40384936      0.289577156    
   3.40913248      0.289141357    
   3.41441560      0.288706839    
   3.41969895      0.288273603    
   3.42498207      0.287841648    
   3.43026519      0.287410975    
   3.43554831      0.286981553    
   3.44083166      0.286553383    
   3.44611478      0.286126494    
   3.45139790      0.285700828    
   3.45668125      0.285276443    
   3.46196437      0.284853250    
   3.46724749      0.284431338    
   3.47253060      0.284010649    
   3.47781396      0.283591151    
   3.48309708      0.283172905    
   3.48838019      0.282755852    
   3.49366355      0.282339990    
   3.49894667      0.281925380    
   3.50422978      0.281511962    
   3.50951290      0.281099707    
   3.51479626      0.280688643    
   3.52007937      0.280278772    
   3.52536249      0.279870063    
   3.53064585      0.279462546    
   3.53592896      0.279056191    
   3.54121208      0.278650999    
   3.54649520      0.278246969    
   3.55177855      0.277844071    
   3.55706167      0.277442336    
   3.56234479      0.277041733    
   3.56762815      0.276642293    
   3.57291126      0.276243985    
   3.57819438      0.275846779    
   3.58347750      0.275450736    
   3.58876085      0.275055796    
   3.59404397      0.274661958    
   3.59932709      0.274269223    
   3.60461044      0.273877591    
   3.60989356      0.273487091    
   3.61517668      0.273097694    
   3.62045979      0.272709370    
   3.62574315      0.272322118    
   3.63102627      0.271935970    
   3.63630939      0.271550864    
   3.64159274      0.271166891    
   3.64687586      0.270783931    
   3.65215898      0.270402104    
   3.65744209      0.270021260    
   3.66272545      0.269641519    
   3.66800857      0.269262820    
   3.67329168      0.268885165    
   3.67857504      0.268508554    
   3.68385816      0.268133014    
   3.68914127      0.267758459    
   3.69442439      0.267384976    
   3.69970775      0.267012477    
   3.70499086      0.266641021    
   3.71027398      0.266270578    
   3.71555734      0.265901178    
   3.72084045      0.265532762    
   3.72612357      0.265165359    
   3.73140669      0.264798969    
   3.73669004      0.264433533    
   3.74197316      0.264069140    
   3.74725628      0.263705730    
   3.75253963      0.263343304    
   3.75782275      0.262981862    
   3.76310587      0.262621373    
   3.76838899      0.262261897    
   3.77367234      0.261903316    
   3.77895546      0.261545807    
   3.78423858      0.261189193    
   3.78952193      0.260833532    
   3.79480505      0.260478854    
   3.80008817      0.260125130    
   3.80537128      0.259772360    
   3.81065464      0.259420514    
   3.81593776      0.259069592    
   3.82122087      0.258719623    
   3.82650423      0.258370578    
   3.83178735      0.258022487    
   3.83707047      0.257675320    
   3.84235358      0.257329047    
   3.84763694      0.256983727    
   3.85292006      0.256639302    
   3.85820317      0.256295741    
   3.86348653      0.255953133    
   3.86876965      0.255611449    
   3.87405276      0.255270660    
   3.87933588      0.254930735    
   3.88461924      0.254591733    
   3.88990235      0.254253626    
   3.89518547      0.253916383    
   3.90046883      0.253579974    
   3.90575194      0.253244519    
   3.91103506      0.252909929    
   3.91631818      0.252576202    
   3.92160153      0.252243340    
   3.92688465      0.251911342    
   3.93216777      0.251580209    
   3.93745112      0.251249939    
   3.94273424      0.250920534    
   3.94801736      0.250591993    
   3.95330048      0.250264257    
   3.95858383      0.249937400    
   3.96386695      0.249611363    
   3.96915007      0.249286190    
   3.97443342      0.248961836    
   3.97971654      0.248638317    
   3.98499966      0.248315632    
   3.99028277      0.247993782    
   3.99556613      0.247672752    
   4.00084925      0.247352540    
   4.00613213      0.247033164    
   4.01141548      0.246714577    
   4.01669884      0.246396795    
   4.02198219      0.246079832    
   4.02726507      0.245763689    
   4.03254843      0.245448336    
   4.03783131      0.245133802    
   4.04311466      0.244820029    
   4.04839802      0.244507059    
   4.05368137      0.244194880    
   4.05896425      0.243883505    
   4.06424713      0.243572921    
   4.06953049      0.243263096    
   4.07481384      0.242954046    
   4.08009720      0.242645770    
   4.08538055      0.242338270    
   4.09066343      0.242031559    
   4.09594631      0.241725639    
   4.10122967      0.241420433    
   4.10651302      0.241116002    
   4.11179638      0.240812302    
   4.11707926      0.240509421    
   4.12236261      0.240207240    
   4.12764549      0.239905849    
   4.13292885      0.239605173    
   4.13821220      0.239305258    
   4.14349556      0.239006057    
   4.14877844      0.238707647    
   4.15406132      0.238409966    
   4.15934467      0.238112986    
   4.16462803      0.237816751    
   4.16991138      0.237521231    
   4.17519426      0.237226471    
   4.18047762      0.236932397    
   4.18576050      0.236639068    
   4.19104385      0.236346439    
   4.19632721      0.236054540    
   4.20161057      0.235763326    
   4.20689344      0.235472873    
   4.21217632      0.235183120    
   4.21745968      0.234894037    
   4.22274303      0.234605670    
   4.22802639      0.234317988    
   4.23330975      0.234031022    
   4.23859262      0.233744770    
   4.24387550      0.233459204    
   4.24915886      0.233174309    
   4.25444221      0.232890099    
   4.25972557      0.232606560    
   4.26500845      0.232323751    
   4.27029181      0.232041597    
   4.27557468      0.231760129    
   4.28085804      0.231479317    
   4.28614140      0.231199190    
   4.29142475      0.230919719    
   4.29670763      0.230640948    
   4.30199051      0.230362833    
   4.30727386      0.230085373    
   4.31255722      0.229808569    
   4.31784058      0.229532421    
   4.32312346      0.229256958    
   4.32840681      0.228982121    
   4.33368969      0.228707954    
   4.33897305      0.228434429    
   4.34425640      0.228161544    
   4.34953976      0.227889284    
   4.35482264      0.227617711    
   4.36010551      0.227346778    
   4.36538887      0.227076471    
   4.37067223      0.226806775    
   4.37595558      0.226537719    
   4.38123846      0.226269320    
   4.38652182      0.226001531    
   4.39180470      0.225734398    
   4.39708805      0.225467861    
   4.40237141      0.225201949    
   4.40765476      0.224936649    
   4.41293764      0.224671990    
   4.41822052      0.224407971    
   4.42350388      0.224144518    
   4.42878723      0.223881692    
   4.43407059      0.223619476    
   4.43935394      0.223357856    
   4.44463682      0.223096877    
   4.44991970      0.222836494    
   4.45520306      0.222576693    
   4.46048641      0.222317487    
   4.46576977      0.222058877    
   4.47105265      0.221800894    
   4.47633600      0.221543461    
   4.48161888      0.221286669    
   4.48690224      0.221030444    
   4.49218559      0.220774785    
   4.49746895      0.220519736    
   4.50275183      0.220265269    
   4.50803471      0.220011398    
   4.51331806      0.219758078    
   4.51860142      0.219505340    
   4.52388477      0.219253168    
   4.52916765      0.219001606    
   4.53445101      0.218750581    
   4.53973389      0.218500167    
   4.54501724      0.218250290    
   4.55030060      0.218000978    
   4.55558395      0.217752218    
   4.56086683      0.217504039    
   4.56614971      0.217256442    
   4.57143307      0.217009380    
   4.57671642      0.216762856    
   4.58199978      0.216516897    
   4.58728313      0.216271490    
   4.59256601      0.216026664    
   4.59784889      0.215782374    
   4.60313225      0.215538606    
   4.60841560      0.215295404    
   4.61369896      0.215052724    
   4.61898184      0.214810625    
   4.62426519      0.214569032    
   4.62954807      0.214328021    
   4.63483143      0.214087501    
   4.64011478      0.213847518    
   4.64539814      0.213608086    
   4.65068102      0.213369176    
   4.65596390      0.213130832    
   4.66124725      0.212892964    
   4.66653061      0.212655634    
   4.67181396      0.212418839    
   4.67709684      0.212182581    
   4.68238020      0.211946815    
   4.68766308      0.211711586    
   4.69294643      0.211476848    
   4.69822979      0.211242661    
   4.70351315      0.211008951    
   4.70879602      0.210775793    
   4.71407890      0.210543141    
   4.71936226      0.210310981    
   4.72464561      0.210079327    
   4.72992897      0.209848166    
   4.73521233      0.209617525    
   4.74049520      0.209387392    
   4.74577808      0.209157780    
   4.75106144      0.208928630    
   4.75634480      0.208699971    
   4.76162815      0.208471835    
   4.76691103      0.208244190    
   4.77219439      0.208017036    
   4.77747726      0.207790390    
   4.78276062      0.207564205    
   4.78804398      0.207338512    
   4.79332733      0.207113296    
   4.79861021      0.206888601    
   4.80389309      0.206664369    
   4.80917645      0.206440613    
   4.81445980      0.206217349    
   4.81974316      0.205994546    
   4.82502604      0.205772236    
   4.83030939      0.205550402    
   4.83559227      0.205329031    
   4.84087563      0.205108151    
   4.84615898      0.204887718    
   4.85144234      0.204667747    
   4.85672522      0.204448283    
   4.86200809      0.204229280    
   4.86729145      0.204010740    
   4.87257481      0.203792632    
   4.87785816      0.203575000    
   4.88314152      0.203357831    
   4.88842440      0.203141138    
   4.89370728      0.202924922    
   4.89899063      0.202709109    
   4.90427399      0.202493772    
   4.90955734      0.202278882    
   4.91484022      0.202064469    
   4.92012358      0.201850474    
   4.92540646      0.201636970    
   4.93068981      0.201423883    
   4.93597317      0.201211244    
   4.94125652      0.200999051    
   4.94653940      0.200787321    
   4.95182228      0.200576022    
   4.95710564      0.200365156    
   4.96238899      0.200154722    
   4.96767235      0.199944735    
   4.97295523      0.199735194    
   4.97823858      0.199526101    
   4.98352146      0.199317425    
   4.98880482      0.199109182    
   4.99408817      0.198901355    
   4.99937153      0.198693976    
   5.00465441      0.198487028    
   5.00993776      0.198280498    
   5.01522064      0.198074415    
   5.02050400      0.197868749    
   5.02578735      0.197663486    
   5.03107023      0.197458655    
   5.03635359      0.197254255    
   5.04163694      0.197050273    
   5.04691982      0.196846709    
   5.05220318      0.196643546    
   5.05748653      0.196440816    
   5.06276941      0.196238503    
   5.06805277      0.196036592    
   5.07333565      0.195835114    
   5.07861900      0.195634022    
   5.08390236      0.195433334    
   5.08918524      0.195233077    
   5.09446859      0.195033222    
   5.09975195      0.194833770    
   5.10503483      0.194634736    
   5.11031818      0.194436073    
   5.11560154      0.194237843    
   5.12088442      0.194040015    
   5.12616777      0.193842560    
   5.13145065      0.193645537    
   5.13673401      0.193448886    
   5.14201736      0.193252638    
   5.14730024      0.193056792    
   5.15258360      0.192861319    
   5.15786695      0.192666262    
   5.16314983      0.192471609    
   5.16843319      0.192277312    
   5.17371655      0.192083403    
   5.17899942      0.191889912    
   5.18428278      0.191696793    
   5.18956614      0.191504061    
   5.19484901      0.191311717    
   5.20013237      0.191119745    
   5.20541525      0.190928176    
   5.21069860      0.190736964    
   5.21598196      0.190546155    
   5.22126484      0.190355718    
   5.22654819      0.190165639    
   5.23183155      0.189975962    
   5.23711443      0.189786658    
   5.24239779      0.189597696    
   5.24768114      0.189409137    
   5.25296402      0.189220965    
   5.25824738      0.189033136    
   5.26353073      0.188845679    
   5.26881361      0.188658610    
   5.27409697      0.188471898    
   5.27937984      0.188285559    
   5.28466320      0.188099578    
   5.28994656      0.187913954    
   5.29522943      0.187728703    
   5.30051279      0.187543809    
   5.30579615      0.187359288    
   5.31107903      0.187175140    
   5.31636238      0.186991304    
   5.32164574      0.186807856    
   5.32692862      0.186624780    
   5.33221197      0.186442032    
   5.33749533      0.186259642    
   5.34277821      0.186077639    
   5.34806156      0.185895950    
   5.35334444      0.185714647    
   5.35862780      0.185533687    
   5.36391115      0.185353056    
   5.36919403      0.185172796    
   5.37447739      0.184992865    
   5.37976074      0.184813276    
   5.38504362      0.184634075    
   5.39032698      0.184455186    
   5.39561033      0.184276640    
   5.40089321      0.184098452    
   5.40617657      0.183920592    
   5.41145992      0.183743075    
   5.41674280      0.183565930    
   5.42202616      0.183389068    
   5.42730904      0.183212608    
   5.43259239      0.183036432    
   5.43787575      0.182860613    
   5.44315863      0.182685137    
   5.44844198      0.182509974    
   5.45372534      0.182335168    
   5.45900822      0.182160690    
   5.46429157      0.181986541    
   5.46957493      0.181812704    
   5.47485781      0.181639224    
   5.48014116      0.181466058    
   5.48542452      0.181293219    
   5.49070740      0.181120723    
   5.49599075      0.180948541    
   5.50127363      0.180776685    
   5.50655699      0.180605143    
   5.51184034      0.180433944    
   5.51712322      0.180263057    
   5.52240658      0.180092484    
   5.52768993      0.179922238    
   5.53297281      0.179752320    
   5.53825617      0.179582715    
   5.54353952      0.179413423    
   5.54882240      0.179244459    
   5.55410576      0.179075807    
   5.55938911      0.178907454    
   5.56467199      0.178739443    
   5.56995535      0.178571731    
   5.57523823      0.178404331    
   5.58052158      0.178237244    
   5.58580494      0.178070471    
   5.59108782      0.177904010    
   5.59637117      0.177737847    
   5.60165453      0.177571997    
   5.60693741      0.177406460    
   5.61222076      0.177241221    
   5.61750412      0.177076280    
   5.62278700      0.176911682    
   5.62807035      0.176747352    
   5.63335371      0.176583335    
   5.63863659      0.176419631    
   5.64391994      0.176256225    
   5.64920282      0.176093116    
   5.65448618      0.175930291    
   5.65976954      0.175767794    
   5.66505241      0.175605580    
   5.67033577      0.175443664    
   5.67561913      0.175282046    
   5.68090200      0.175120726    
   5.68618536      0.174959689    
   5.69146872      0.174798951    
   5.69675159      0.174638510    
   5.70203495      0.174478367    
   5.70731831      0.174318507    
   5.71260118      0.174158946    
   5.71788454      0.173999682    
   5.72316742      0.173840702    
   5.72845078      0.173682004    
   5.73373413      0.173523575    
   5.73901701      0.173365474    
   5.74430037      0.173207626    
   5.74958372      0.173050091    
   5.75486660      0.172892824    
   5.76014996      0.172735840    
   5.76543331      0.172579139    
   5.77071619      0.172422737    
   5.77599955      0.172266603    
   5.78128290      0.172110751    
   5.78656578      0.171955183    
   5.79184914      0.171799883    
   5.79713202      0.171644881    
   5.80241537      0.171490133    
   5.80769873      0.171335682    
   5.81298161      0.171181500    
   5.81826496      0.171027601    
   5.82354832      0.170873970    
   5.82883120      0.170720622    
   5.83411455      0.170567527    
   5.83939791      0.170414731    
   5.84468079      0.170262203    
   5.84996414      0.170109928    
   5.85524750      0.169957936    
   5.86053038      0.169806212    
   5.86581373      0.169654742    
   5.87109661      0.169503570    
   5.87637997      0.169352651    
   5.88166332      0.169202000    
   5.88694620      0.169051617    
   5.89222956      0.168901503    
   5.89751291      0.168751642    
   5.90279579      0.168602049    
   5.90807915      0.168452725    
   5.91336250      0.168303654    
   5.91864538      0.168154866    
   5.92392874      0.168006331    
   5.92921209      0.167858034    
   5.93449497      0.167710036    
   5.93977833      0.167562261    
   5.94506121      0.167414770    
   5.95034456      0.167267531    
   5.95562792      0.167120531    
   5.96091080      0.166973814    
   5.96619415      0.166827336    
   5.97147751      0.166681126    
   5.97676039      0.166535169    
   5.98204374      0.166389465    
   5.98732710      0.166244015    
   5.99260998      0.166098818    
   5.99789333      0.165953860    
   6.00317669      0.165809155    
   6.00845957      0.165664718    
   6.01374292      0.165520534    
   6.01902580      0.165376589    
   6.02430916      0.165232882    
   6.02959251      0.165089428    
   6.03487539      0.164946243    
   6.04015875      0.164803281    
   6.04544210      0.164660573    
   6.05072498      0.164518118    
   6.05600834      0.164375901    
   6.06129169      0.164233923    
   6.06657457      0.164092213    
   6.07185793      0.163950711    
   6.07714128      0.163809463    
   6.08242416      0.163668469    
   6.08770752      0.163527712    
   6.09299040      0.163387209    
   6.09827375      0.163246915    
   6.10355711      0.163106889    
   6.10883999      0.162967086    
   6.11412334      0.162827522    
   6.11940670      0.162688196    
   6.12468958      0.162549123    
   6.12997293      0.162410259    
   6.13525629      0.162271649    
   6.14053917      0.162133276    
   6.14582253      0.161995128    
   6.15110588      0.161857218    
   6.15638876      0.161719546    
   6.16167212      0.161582097    
   6.16695499      0.161444902    
   6.17223835      0.161307916    
   6.17752171      0.161171168    
   6.18280458      0.161034659    
   6.18808794      0.160898373    
   6.19337130      0.160762295    
   6.19865417      0.160626471    
   6.20393753      0.160490885    
   6.20922089      0.160355493    
   6.21450377      0.160220370    
   6.21978712      0.160085440    
   6.22507048      0.159950733    
   6.23035336      0.159816280    
   6.23563671      0.159682035    
   6.24091959      0.159548029    
   6.24620295      0.159414217    
   6.25148630      0.159280643    
   6.25676918      0.159147307    
   6.26205254      0.159014180    
   6.26733589      0.158881277    
   6.27261877      0.158748597    
   6.27790213      0.158616126    
